21

C	-2.086881	0.803984	0.215555
C	-1.295448	-1.853732	-0.394683
C	-3.049079	-0.164919	0.256675
C	-2.679626	-1.521310	0.045187
C	3.281637	-1.066850	0.058409
C	-0.745964	0.485097	-0.062378
C	-0.405155	-0.822397	-0.361349
O	1.201354	1.640747	-1.072597
O	1.561152	-0.145457	1.373515
O	-0.120487	2.689536	0.370757
C	0.241496	1.598305	-0.379998
C	1.822307	-0.886476	0.412230
O	0.969697	-1.192560	-0.584832
H	0.683366	3.253839	0.444098
H	-2.306209	1.886339	0.304178
H	-1.212439	-2.705300	-0.524718
H	-3.997321	0.086484	0.673646
H	-3.429530	-2.265074	0.118929
H	3.579699	-0.161791	-0.622532
H	3.808824	-1.014701	0.973685
H	3.553304	-2.064214	-0.503506
