18

C	1.241061	1.416547	-0.020431
C	2.364841	0.710901	0.025591
C	2.448114	-0.712028	-0.064208
C	1.264828	-1.416115	-0.018315
C	-0.070218	-0.663673	-0.018432
C	-1.273975	-1.415408	0.105085
C	-2.344406	-0.723332	-0.007219
C	-2.374324	0.707681	-0.109012
C	-1.259609	1.381898	0.048305
C	-0.024896	0.737113	0.070410
H	1.483447	2.402890	0.045858
H	3.311432	1.127918	0.103777
H	3.374582	-1.228496	0.039565
H	1.139038	-2.508160	-0.111548
H	-1.216786	-2.544062	-0.056239
H	-3.121669	-1.301504	0.051239
H	-3.429823	1.389202	-0.058540
H	-1.264331	2.352191	-0.068903
