20

C	3.935157	0.457329	-0.088236
C	2.686388	-0.220377	0.031124
O	2.482479	-1.433953	0.043103
N	1.529618	0.670531	0.008813
C	0.149177	0.320566	0.065259
C	-0.711477	1.389453	0.040340
C	-2.083138	1.169771	-0.022179
C	-2.596865	-0.080825	-0.009165
O	-3.948239	-0.401379	0.010363
C	-1.724340	-1.140224	-0.111058
C	-0.373068	-0.955989	-0.000987
H	4.860176	-0.411907	0.053756
H	4.118749	1.145910	0.837444
H	4.074852	1.210742	-0.882641
H	1.863232	1.663313	-0.141179
H	-0.572596	2.407397	0.075141
H	-2.752191	1.912489	-0.193433
H	-4.343677	0.381783	0.292831
H	-2.276987	-2.138846	-0.003945
H	0.352700	-1.949332	0.144804
