-1.1041324
-1.1116602
-1.1185659
-1.1248928
-1.1306807
-1.1359664
-1.1407837
-1.145164
-1.1491365
-1.1527279
-1.1559632
-1.1588655
-1.1614566
-1.1637562
-1.1657832
-1.1675548
-1.1690873
-1.1703957
-1.1714941
-1.1723958
-1.1731131
-1.1736575
-1.1740399
-1.1742703
-1.1743585
-1.1743132
-1.1741428
-1.1738553
-1.173458
-1.1729579
-1.1723616
-1.1716753
-1.1709047
-1.1700554
-1.1691325
-1.1681409
-1.1670852
-1.1659698
-1.1647987
-1.1635759
-1.1623049
-1.1609893
-1.1596324
-1.1582372
-1.1568067
-1.1553436
-1.1538506
-1.1523302
-1.1507847
-1.1492165
-1.1476275
-1.1460198
-1.1443954
-1.142756
-1.1411034
-1.1394392
-1.1377649
-1.136082
-1.134392
-1.1326961
-1.1309956
-1.1292918
-1.1275856
-1.1258783
-1.1241709
-1.1224643
-1.1207594
-1.1190573
-1.1173586
-1.1156641
-1.1139747
-1.1122911
-1.1106139
-1.1089438
-1.1072814
-1.1056273
-1.103982
-1.1023461
-1.1007201
-1.0991044
-1.0974995
-1.0959058
-1.0943237
-1.0927536
-1.0911959
-1.0896509
-1.0881189
-1.0866002
-1.0850951
-1.0836039
-1.0821266
-1.0806638
-1.0792156
-1.0777822
-1.0763637
-1.0749603
-1.0735726
-1.0722001
-1.070843
-1.0695019
-1.0681766
-1.0668671242
-1.065573712
-1.0642964081
-1.0630343502
-1.0617892737
-1.0605620023
-1.0593497281
-1.0581542696
-1.0569753251
-1.0558116372
-1.0546650901
-1.0535348868
-1.052420944
-1.0513240875
-1.0502432278
-1.0491786275
-1.0481304414
-1.047098536
-1.0460827795
-1.0450832102
-1.0440998801
-1.0431317639
-1.04218104
-1.0412453876
-1.0403246862
-1.039421659
-1.0385333592
-1.0376601508
-1.0368024312
-1.0359602877
-1.0351333329
-1.0343212937
-1.0335243915
-1.0327410382
-1.0319736163
-1.0312208308
-1.0304817114
-1.0297576347
-1.0290468275
-1.0283502545
-1.0276674624
-1.0269980994
-1.0263427229
-1.0256988684
-1.0250708781
-1.0244546697
-1.0238512126
-1.0232599863
-1.022682099
-1.0221177871
-1.0215623207
-1.0210201798
-1.0204889804
-1.0199715532
-1.0194634066
-1.0189680964
-1.0184815023
-1.0180093534
-1.0175465187
-1.0170940481
-1.0166512345
-1.0162190361
-1.0157973869
-1.0153843502
-1.0149820783
-1.0145894513
-1.0142051147
-1.0138296765
-1.0134650886
-1.0131079732
-1.0127593772
-1.0124205444
-1.0120884157
-1.0117644191
-1.0114492319
-1.0111419674
-1.010840958
-1.010547714
-1.0102644756
-1.0099865013
-1.0097170894
-1.0094504344
-1.0091962908
-1.0089433512
-1.0086979515
-1.0084613616
-1.0082301188
-1.0080034638
-1.0077842681
-1.0075687285
-1.0073599565
-1.0071575194
-1.0069598324
-1.0067669627
-1.006579448
-1.0063972824
-1.0062192603
-1.0060466437
-1.0058779781
-1.0057144676
-1.0055543944
-1.0054005029
-1.0052485013
-1.0051020228
-1.0049588881
-1.0048202733
-1.0046850014
-1.0045520131
-1.0044275209
-1.0043016866
-1.0041809684
-1.0040629374
-1.0039484067
-1.003836695
-1.0037283782
-1.0036238651
-1.0035212863
-1.0034230378
-1.0033252413
-1.0032296732
-1.0031405348
-1.0030514692
-1.0029650324
-1.0028811473
-1.0028006341
-1.0027216603
-1.0026443804
-1.002568957
-1.0024956546
-1.002425022
-1.0023589109
-1.0022894237
-1.0022251458
-1.0021620155
-1.0021009234
-1.0020426565
-1.0019834193
-1.0019277387
-1.001871892
-1.0018200494
-1.0017665417
-1.0017169903
-1.0016716007
-1.0016224488
-1.0015747059
-1.0015323042
-1.0014868345
-1.001447176
-1.0014055431
-1.0013660279
-1.0013266235
-1.0012901331
-1.0012539137
-1.0012176917
-1.001184157
-1.0011512904
-1.0011184307
-1.001086581
-1.0010561449
-1.0010264342
-1.000997975
-1.0009698216
-1.0009429846
-1.0009157112
-1.0008911411
-1.0008650483
-1.0008416568
-1.0008179729
-1.0007950238
-1.0007727168
-1.0007499406
-1.0007305027
-1.0007103741
-1.0006897225
-1.0006712624
-1.0006524432
-1.0006340501
-1.000616438
-1.0006010789
-1.0005842986
-1.0005672567
-1.0005504935
-1.0005368501
-1.0005210482
-1.0005070128
-1.0004932867
-1.0004799251
-1.0004662035
-1.0004537529
-1.0004413249
-1.0004291952
-1.0004176768
-1.0004063628
-1.0003960264
-1.0003840121
-1.0003746525
-1.000364405
-1.0003541089
-1.0003441463
-1.0003358877
-1.0003262208
-1.0003175803
-1.0003083821
-1.0003007894
-1.0002921072
-1.000285234
-1.000277202
-1.0002699223
-1.0002627329
-1.0002557443
-1.0002491173
-1.0002417149
-1.0002358182
-1.0002297305
-1.0002241018
-1.0002177571
-1.0002122953
-1.0002066228
-1.0002013063
-1.0001968459
-1.0001908618
-1.0001855293
-1.0001808817
-1.0001764414
-1.0001719911
-1.0001667739
-1.0001632778
-1.0001601001
-1.0001548731
-1.0001512415
-1.000147136
-1.000143474
-1.0001391971
-1.0001370991
-1.0001331421
-1.0001297132
-1.0001266125
-1.0001232054
-1.0001194406
-1.0001174504
-1.0001144713
-1.0001114777
-1.0001087355
-1.0001065495
-1.0001018498
-1.0001015039
-1.0000987038
-1.0000949819
-1.0000937455
-1.000091419
-1.0000904191
-1.0000870175
-1.0000849895
-1.0000836765
-1.0000809032
-1.0000789272
-1.0000766989
-1.0000755797
-1.0000737945
-1.0000715214
-1.0000696543
-1.0000685223
-1.00006719
-1.0000657132
-1.0000638976
-1.0000626819
-1.0000606895
-1.0000600505
-1.0000589326
-1.0000571442
-1.0000558514
-1.0000546145
-1.0000534591
-1.0000526105
-1.0000511978
-1.0000496615
-1.0000488273
-1.0000476735
-1.0000468568
-1.0000454983
-1.0000445866
-1.0000437123
-1.0000426188
-1.0000415027
-1.0000409165
-1.0000398695
-1.000038955
-1.0000395316
-1.0000374948
-1.0000373929
-1.000035856
-1.0000353888
-1.0000338682
-1.0000336735
-1.0000328067
-1.0000317946
-1.0000319555
-1.0000309619
-1.0000303464
-1.0000295645
-1.0000291466
-1.0000285214
-1.0000279453
-1.0000274312
-1.0000271799
-1.0000260026
-1.0000257716
-1.0000255146
-1.000024713
-1.0000242863
-1.0000238063
-1.0000236328
-1.0000227699
-1.0000222309
-1.0000219384
-1.0000214462
-1.0000216695
-1.0000207332
-1.0000207504
-1.00001995
-1.0000195224
-1.0000195097
-1.0000188922
-1.0000184965
-1.0000188311
-1.0000188782
-1.000017438
-1.0000169367
-1.0000168521
-1.0000163968
-1.0000155857
-1.000015976
-1.000015716
-1.0000162018
-1.0000150846
-1.0000148316
-1.0000145724
-1.0000142128
-1.0000138407
-1.0000137517
-1.0000134038
-1.0000133126
-1.0000131383
-1.0000128095
-1.0000130147
-1.0000122862
-1.0000122196
-1.0000114347
-1.0000118123
-1.0000117113
