-1.04300
-1.05156
-1.05940
-1.06656
-1.07310
-1.07905
-1.08444
-1.08932
-1.09370
-1.09763
-1.10113
-1.10422
-1.10693
-1.10928
-1.11130
-1.11300
-1.11440
-1.11552
-1.11637
-1.11698
-1.11735
-1.11750
-1.11745
-1.11719
-1.11676
-1.11615
-1.11538
-1.11446
-1.11339
-1.11218
-1.11085
-1.10940
-1.10783
-1.10616
-1.10438
-1.10251
-1.10055
-1.09851
-1.09638
-1.09418
-1.09191
-1.08958
-1.08718
-1.08472
-1.08220
-1.07964
-1.07702
-1.07436
-1.07165
-1.06890
-1.06611
-1.06328
-1.06042
-1.05753
-1.05461
-1.05166
-1.04868
-1.04568
-1.04265
-1.03961
-1.03654
-1.03345
-1.03035
-1.02724
-1.02411
-1.02096
-1.01781
-1.01465
-1.01147
-1.00829
-1.00511
-1.00191
-0.99872
-0.99552
-0.99232
-0.98911
-0.98591
-0.98271
-0.97951
-0.97631
-0.97311
-0.96992
-0.96673
-0.96355
-0.96037
-0.95720
-0.95404
-0.95089
-0.94774
-0.94461
-0.94148
-0.93837
-0.93526
-0.93217
-0.92909
-0.92602
-0.92296
-0.91992
-0.91689
-0.91387
-0.91087
-0.90789
-0.90492
-0.90196
-0.89902
-0.89610
-0.89319
-0.89030
-0.88743
-0.88457
-0.88173
-0.87891
-0.87611
-0.87332
-0.87055
-0.86780
-0.86507
-0.86236
-0.85967
-0.85699
-0.85434
-0.85170
-0.84908
-0.84649
-0.84391
-0.84135
-0.83881
-0.83629
-0.83379
-0.83131
-0.82885
-0.82641
-0.82399
-0.82159
-0.81920
-0.81684
-0.81450
-0.81218
-0.80988
-0.80760
-0.80533
-0.80309
-0.80087
-0.79866
-0.79648
-0.79432
-0.79217
-0.79005
-0.78794
-0.78586
-0.78379
-0.78175
-0.77972
-0.77771
-0.77572
-0.77375
-0.77180
-0.76986
-0.76795
-0.76605
-0.76418
-0.76232
-0.76048
-0.75866
-0.75685
-0.75507
-0.75330
-0.75155
-0.74981
-0.74810
-0.74640
-0.74472
-0.74306
-0.74141
-0.73978
-0.73817
-0.73657
-0.73499
-0.73343
-0.73188
-0.73035
-0.72884
-0.72734
-0.72586
-0.72439
-0.72294
-0.72150
-0.72008
-0.71868
-0.71729
-0.71591
-0.71455
-0.71320
-0.71187
-0.71055
-0.70925
-0.70796
-0.70669
-0.70542
-0.70418
-0.70294
-0.70172
-0.70052
-0.69932
-0.69814
-0.69697
-0.69582
-0.69468
-0.69355
-0.69243
-0.69133
-0.69024
-0.68916
-0.68809
-0.68703
-0.68599
-0.68496
-0.68393
-0.68293
-0.68193
-0.68094
-0.67997
-0.67900
-0.67805
-0.67710
-0.67617
-0.67525
-0.67434
-0.67344
-0.67255
-0.67167
-0.67080
-0.66994
-0.66909
-0.66825
-0.66742
-0.66660
-0.66578
-0.66498
-0.66419
-0.66340
-0.66263
-0.66186
-0.66111
-0.66036
-0.65962
-0.65889
-0.65817
-0.65745
-0.65675
-0.65605
-0.65536
-0.65468
-0.65400
-0.65334
-0.65268
-0.65203
-0.65139
-0.65075
-0.65013
-0.64951
-0.64889
-0.64829
-0.64769
-0.64710
-0.64651
-0.64593
-0.64536
-0.64480
-0.64424
-0.64369
-0.64315
-0.64261
-0.64207
-0.64155
-0.64103
-0.64052
-0.64001
-0.63951
-0.63901
-0.63852
-0.63803
-0.63756
-0.63708
-0.63661
-0.63615
-0.63570
-0.63524
-0.63480
-0.63436
-0.63392
-0.63349
-0.63306
-0.63264
-0.63222
-0.63181
-0.63140
-0.63100
-0.63060
-0.63021
-0.62982
-0.62944
-0.62905
-0.62868
-0.62831
-0.62794
-0.62758
-0.62722
-0.62686
-0.62651
-0.62616
-0.62582
-0.62548
-0.62514
-0.62481
-0.62448
-0.62415
-0.62383
-0.62351
-0.62319
-0.62288
-0.62257
-0.62227
-0.62197
-0.62167
-0.62137
-0.62108
-0.62079
-0.62050
-0.62022
-0.61994
-0.61966
-0.61938
-0.61911
-0.61884
-0.61857
-0.61831
-0.61805
-0.61779
-0.61753
-0.61728
-0.61703
-0.61678
-0.61653
-0.61629
-0.61605
-0.61581
-0.61557
-0.61533
-0.61510
-0.61487
-0.61464
-0.61442
-0.61419
-0.61397
-0.61375
-0.61353
-0.61331
-0.61310
-0.61289
-0.61268
-0.61247
-0.61226
-0.61206
-0.61185
-0.61165
-0.61145
-0.61126
-0.61106
-0.61086
-0.61067
-0.61048
-0.61029
-0.61010
-0.60992
-0.60973
-0.60955
-0.60937
-0.60919
-0.60901
-0.60883
-0.60865
-0.60848
-0.60830
-0.60813
-0.60796
-0.60779
-0.60762
-0.60746
-0.60729
-0.60713
-0.60696
-0.60680
-0.60664
-0.60648
-0.60632
-0.60616
-0.60601
-0.60585
-0.60570
-0.60555
-0.60539
-0.60524
-0.60509
-0.60494
-0.60480
-0.60465
-0.60450
-0.60436
-0.60422
-0.60407
-0.60393
-0.60379
-0.60365
-0.60351
-0.60337
-0.60324
-0.60310
-0.60296
-0.60283
-0.60270
-0.60256
-0.60243
-0.60230
-0.60217
-0.60204
-0.60191
-0.60178
-0.60165
-0.60153
-0.60140
-0.60128
-0.60115
-0.60103
-0.60090
-0.60078
-0.60066
-0.60054
-0.60042
-0.60030
-0.60018
-0.60006
-0.59994
-0.59983
-0.59971
-0.59959
-0.59948
-0.59936
-0.59925
-0.59914
-0.59902
