24

C 0.902600 -2.633648 2.333105
C -0.486338 -2.685458 2.168626
C 1.665383 -1.739108 1.564376
H -1.077915 -3.377631 2.768838
H 2.747588 -1.700745 1.689389
C -1.125862 -1.862628 1.248905
C 1.049323 -0.902165 0.648408
H -2.205812 -1.889569 1.116402
H 1.618516 -0.193034 0.048541
C -0.355250 -0.945610 0.495310
H 1.390469 -3.281353 3.060779
C -3.070620 0.713980 0.288990
C -4.444959 0.697989 -0.041291
C -2.632832 1.328920 1.486015
H -4.752715 0.226158 -0.973680
H -1.571008 1.339402 1.724743
C -5.365769 1.258352 0.828835
C -3.576311 1.875910 2.347736
H -6.426720 1.239300 0.579264
H -3.246674 2.330348 3.282698
C -4.939151 1.847786 2.030313
H -5.668346 2.276486 2.716994
N -0.965460 0.045020 -0.326490
N -2.178080 -0.020400 -0.543560
